type,id,author,title,score,created_utc,url,num_comments,subreddit,body,parent_id,depth,post_id
post,1ls6qnu,dapperlemon,"Eero Pro 7 Review: Great Mesh Networking, Even if You Don’t Have Wi-Fi 7",393,2025-07-05 10:23:31,https://www.reddit.com/r/gadgets/comments/1ls6qnu/eero_pro_7_review_great_mesh_networking_even_if/,68.0,gadgets,,,,
comment,n1g8nby,gchaudh2,,196,2025-07-05 10:44:25,,,,Amazon has a worse privacy language than even some Chinese manufacturers like tplink Thats why no matter how good these routers are I always try to avoid them,,0.0,1ls6qnu
comment,n1ibjrc,Newwavecybertiger,,25,2025-07-05 18:19:18,,,,can someone explain the theoretical andor actual privacy concerns from Eero Everything Ive seen sounds like what literally every tech giant is doing to the extent you cant actually avoid it just potentially choose which giant gets your info,n1g8nby,1.0,1ls6qnu
comment,n1oxyny,OnlyTilt,,7,2025-07-06 20:19:46,,,,If its handling your internet then they can know every website you go to at what times and every file that you download,n1ibjrc,2.0,1ls6qnu
comment,n1oyblu,Newwavecybertiger,,5,2025-07-06 20:21:39,,,,Could or confirmed that they do Thats an awful lot of traffic to report,n1oxyny,3.0,1ls6qnu
comment,n1ozh57,OnlyTilt,,4,2025-07-06 20:27:33,,,,You literally asked for theoretical also all routers with deep packet inspection logs that traffic data its whether you trust amazon enough that they wont take a peek at it for themselves,n1oyblu,4.0,1ls6qnu
comment,n1p05ur,Newwavecybertiger,,4,2025-07-06 20:31:04,,,,Pardon was just asking for clarity Im moderately familiar with the theoretical but much less on what is standard practice vs bad actor,n1ozh57,5.0,1ls6qnu
comment,n1p1zb2,OnlyTilt,,3,2025-07-06 20:40:15,,,,So Deep Packet Inspection DPI does exactly that it logs all traffic going across your network its available on some premium routers and all enterprise routers I dont know if eero offers it but if it does all Amazon has to do is peak at it and im sure they would encrypt the traffic so you cant tell what theyre actually looking at and what they arent,n1p05ur,6.0,1ls6qnu
comment,n23kt3l,min0nim,,1,2025-07-09 01:50:24,,,,Not Apple and not Unify and not DIY with a NIX of your choice You can choose better privacy but it costs more in money or time For some of us thats a pretty straightforward decision,n1ibjrc,2.0,1ls6qnu
comment,n1gclkq,maxstolfe,,32,2025-07-05 11:20:21,,,,What brand should I look at for good privacy and fast reliable performance,n1g8nby,1.0,1ls6qnu
comment,n1gqcl5,HornetParticular4918,,13,2025-07-05 13:06:06,,,,Go check out Firewalla,n1gclkq,2.0,1ls6qnu
comment,n1h45ck,HeroDanTV,,31,2025-07-05 14:31:12,,,,These sound like made up words like go check out WiFeow it was invented by a cat,n1gqcl5,3.0,1ls6qnu
comment,n1ihhio,DragonSlayerC,,13,2025-07-05 18:51:44,,,,Firewalla are genuinely probably the best home routers if youre willing to spend more money though especially now that they sell their own WiFi access points as well,n1h45ck,4.0,1ls6qnu
comment,n1r3mg4,HornetParticular4918,,1,2025-07-07 04:04:34,,,,Id still buy it,n1h45ck,4.0,1ls6qnu
comment,n1sdoj2,HeroDanTV,,1,2025-07-07 11:06:01,,,,gifgiphyVbnUQpnihPSIgIXuZvdownsized,n1r3mg4,5.0,1ls6qnu
comment,n1if394,DragonSlayerC,,2,2025-07-05 18:38:35,,,,Yeah I currently have a Unifi based setup and have been looking to change to Firewalla Its much more expensive but seems worth it I have a coworker using a Firewalla as a router and he loves it,n1gqcl5,3.0,1ls6qnu
comment,n1gn9lm,Bojangalangs,,52,2025-07-05 12:44:48,,,,UniFi is the way,n1gclkq,2.0,1ls6qnu
comment,n1hiasd,whilst,,40,2025-07-05 15:46:24,,,,Though also significantly more expensive and nonobvious how to navigate for a home user,n1gn9lm,3.0,1ls6qnu
comment,n1hleul,Aaronspark777,,17,2025-07-05 16:02:36,,,,Idk a unifi mesh setup even wired is around the same price as a triple router mesh setup Plus comes with all the advanced features that these mesh routers charge a subscription to access,n1hiasd,4.0,1ls6qnu
comment,n1honkz,memtiger,,8,2025-07-05 16:20:21,,,,Im checking their website What is the equivalent Wifi 7 mesh setup I cant seem to find it,n1hleul,5.0,1ls6qnu
comment,n1hvw7v,Aaronspark777,,24,2025-07-05 16:58:55,,,,It would be multiple products and its very customizable based on your needs Going to be comparing to the Pro Deployment which is 699 No Wiring but only need WiFi Dream Router 7 279 2x U7 Pro 2 POE injectors 408 Total 687 Need at least 1 ethernet ports near the mesh AP Dream Router 7 279 2x Unifi Express 7 398 Total 677 Have at least 1 ethernet port wired and need both multiple ethernet and wifi Dream Router 7 279 Unifi Express 7 199 U7 InWall 149 Total 628 Its a whole ecosystem of devices meant to work together and you can continually expand or replace as units get old Eeros and Orbis would require replacing the entire stack when it comes to upgrading With a Unifi setup you can pick and choose which components you want to replace usually you keep the gatewayrouter and swap out the Wireless Access Points,n1honkz,6.0,1ls6qnu
comment,n1i9hsa,BWCDD4,,6,2025-07-05 18:08:22,,,,They dont have one that compares to any other home networking brand that isnt their forte They provide some WiFi meshing but its significantly worse than other brands and they expect you to run wiring for the backhaul if you want performance,n1honkz,6.0,1ls6qnu
comment,n1jqspl,None,,0,2025-07-05 23:09:13,,,,Orbi which go from 10002000 They are excellent but get some Ethernet cabling put in and wire in some UniFi APs etc,n1honkz,6.0,1ls6qnu
comment,n1k1rl7,BWCDD4,,3,2025-07-06 00:16:49,,,,Netgear isnt who Id recommend Not only are they expensive but they need a specific base station router rather than all the satellites being capable of running the whole thing ASUS with AImesh is the most versatile as it will work with any of their own products even older ones and you can mix and match freely I dont think you can mix and match TP link but at least they dont require a specific base station so you can use the routers in any locationconfiguration and extendreplace as needed without a worry that its not compatible because its only a satellitebase station TPLinkNetgear software and features are worse than ASUS and far more basiclimited Eero requires a subscription for stuff you get for freedefault on ASUS also MerlinWRT is a god send,n1jqspl,7.0,1ls6qnu
comment,n1i98uy,BWCDD4,,7,2025-07-05 18:07:04,,,,Unifi has nothing that compares to actual wireless mesh by the home router competitors Their accessible products like the DR7 and UE7 dont use 4x4 antennas 6ghz or MLO for backhaul which significantly decreases bandwidth They also dont have any products with a band for dedicated backhaul they have absolutely nothing that can compare to a full WiFi mesh from competitors like ASUS Tplink Eero or netgear,n1hleul,5.0,1ls6qnu
comment,n1iuyyt,semibiquitous,,8,2025-07-05 20:06:47,,,,This Omg this I found this out the hard way I got U6 and it has an awful signal transmission that feels like cant even penetrate paper Too late to return it for me I had to plug my old Netgear nighthawk router to use as AP for the unifi router which has 4x4 and has probably x3 performance of the U6 I ended up using the U6 for the IoT devices and my nighthawk as AP for everything else Now I am looking into wifi 7 access pointmesh network to compliment my unifi router,n1i98uy,6.0,1ls6qnu
comment,n1iyi9j,Aaronspark777,,2,2025-07-05 20:26:03,,,,Gotcha wasnt aware the 4x4 antennas was that important I knew they were capable of meshing though Ive had not needed to mess with it My setup all the APs are wired,n1i98uy,6.0,1ls6qnu
comment,n1i8clw,BWCDD4,,14,2025-07-05 18:02:27,,,,Unifi is not the way for WiFI mesh and even if you dont need mesh its not for the average joe either They are expensive but the easiest setup and most feature rich for the average consumer is ASUS,n1gn9lm,3.0,1ls6qnu
comment,n1iytjm,Silpher9,,1,2025-07-05 20:27:46,,,,Yes I have a 200 main router and a mesh with an additional 6 50 euro routers Dont know which models exactly but it works like a charm for 2 years straight now Really happy with Asus,n1i8clw,4.0,1ls6qnu
comment,n1iqcqk,adilly,,1,2025-07-05 19:41:00,,,,Unifi is the way to an empty wallet,n1i8clw,4.0,1ls6qnu
comment,n1ieaeq,DragonSlayerC,,3,2025-07-05 18:34:13,,,,Or Firewalla More expensive but much better for home use IMO Also great if you want higher performance as most Unifi hardware is underpowered I say that as someone who has a Unifi based network but has been considering Firewallas 10G gateway and AP7,n1gn9lm,3.0,1ls6qnu
comment,n1kip4s,Phiosiden,,0,2025-07-06 02:10:49,,,,Unifi mesh is garbage Unifi wifi is also pretty terrible as a baseline they have some of the words handoffs Ive seen in an enterprise level product,n1gn9lm,3.0,1ls6qnu
comment,n1jeszn,Legitimate_Drive_693,,0,2025-07-05 21:57:06,,,,lol I have seen so many of the undo networks hijacked in a small area,n1gn9lm,3.0,1ls6qnu
comment,n1gtn4a,HillarysFloppyChode,,12,2025-07-05 13:27:53,,,,Ubiquiti,n1gclkq,2.0,1ls6qnu
comment,n1gfoyz,Monoraptor,,8,2025-07-05 11:46:33,,,,Asus with Merlin firmware should be a good bet,n1gclkq,2.0,1ls6qnu
comment,n1gkkr7,positivcheg,,-10,2025-07-05 12:24:52,,,,aSUS really,n1gfoyz,3.0,1ls6qnu
comment,n1hfmy7,mandradon,,3,2025-07-05 15:32:29,,,,I got a Gl Inet Flint 2 and its been serving me well Comes with a version of OpenWRT on it and I can always flash the stock version if I want Unifi are also very high quality,n1gclkq,2.0,1ls6qnu
comment,n1mdx8p,idkalan,,3,2025-07-06 12:00:13,,,,Yep I enjoy my Flint 2 Its a bit of a mission to add a whole home VPN but once it was activated it was easier to manage,n1hfmy7,3.0,1ls6qnu
comment,n1mn48u,mandradon,,1,2025-07-06 13:05:08,,,,I like that it has adguard built in too I do have a raspberry pi that I was using to run a pihole but now I may use that for something else,n1mdx8p,4.0,1ls6qnu
comment,n2zpt0m,EMC2DATA592,,2,2025-07-14 00:20:33,,,,GLiNET has some great products I have quite a few devices from them,n1hfmy7,3.0,1ls6qnu
comment,n1ivcpt,remielowik,,2,2025-07-05 20:08:53,,,,I would look at something with great openwrt support and get that there is a list of stuff that has good support,n1gclkq,2.0,1ls6qnu
comment,n2zpn2y,EMC2DATA592,,1,2025-07-14 00:19:33,,,,Decisio Opnsense for Firewall Mikrotik for Firewall Router WiFi etc,n1gclkq,2.0,1ls6qnu
comment,n1l3an9,kimster7,,6,2025-07-06 04:43:05,,,,Cal you elaborate on the worse privacy language Or is this just trust me bro and vibes Other comments Comparing to UniFi is a total straw man because UniFi is an enterprise solution that is much much more expensive than eero Not a fair comparison at all,n1g8nby,1.0,1ls6qnu
comment,n1ijbxn,dichron,,27,2025-07-05 19:01:50,,,,Whats up with Gizmodos shit quality of articles as of late Mostly ads for crap with titles and copy that is almost undoubtedly AI generated Amazon has lost its mind Basically giving this action camera away for free,,0.0,1ls6qnu
comment,n1km4j4,wwwdotdogsdotcom,,3,2025-07-06 02:34:25,,,,And posting Joe Rogan fluff pieces daily,n1ijbxn,1.0,1ls6qnu
comment,n1inzm4,None,,15,2025-07-05 19:27:39,,,,I love the eero hardware but hate everything else so they go in bridge mode and everything is run off the nonsense router,,0.0,1ls6qnu
comment,n1j7lzp,shpwrck,,11,2025-07-05 21:15:50,,,,Eero was great when they first hit the market Kickstarter But once they started hiding features behind subscriptions and then got swallowed by Bezos that was it for me They might be more expensive but I would recommend Firewalla over eero hands down,,0.0,1ls6qnu
comment,n1j7yyl,Mike5473,,3,2025-07-05 21:17:52,,,,Too damned expensive for WiFi routers Pricing is ridiculous,,0.0,1ls6qnu
comment,n1l98aw,Dale_Gurnhardt,,0,2025-07-06 05:33:55,,,,Next best option,n1j7yyl,1.0,1ls6qnu
comment,n1m8nt1,snan101,,-4,2025-07-06 11:17:24,,,,cables,n1l98aw,2.0,1ls6qnu
comment,n1mkpln,Bob_The_Bandit,,15,2025-07-06 12:49:05,,,,Let me plug a Ethernet cable into my phone real quick,n1m8nt1,3.0,1ls6qnu
comment,n1kiskh,u0126,,3,2025-07-06 02:11:28,,,,When I first went with eero it was amazing Worked right out of the box Ive upgraded 1 or 2 times since then For me it still works fine but I swear the signal strength has reduced some If you have Ring they have a cool integration if you use Eero as a router that will provide you a few gigs of cellular backup if your primary WAN goes offline as part of the ring subscription I no longer use it as a router though just APs but disappointed sometimes at the speeds or signal strength I have 3 units around my house Eero pro 6e and have been thinking of trying to improve the placement or go elsewhere for WiFi signal,,0.0,1ls6qnu
comment,n1jbxy0,Spanky2k,,3,2025-07-05 21:40:38,,,,Dont make the same mistake as I made and buy one of these prepackaged mesh systems They do work great but if you decide you need an extra satellite a year later for more coverage for whatever reason chances are the model you need is no longer manufactured and the new current model isnt backwards compatible with your setup Instead buy a long term modular system There may be others but Ive been using UniFis for a while now and Ive expanded and updated different bits a few times over the years I had to learn the hard way after buying two different complete mesh systems before one for home and one for work neither of which could be upgraded in practice a little while later,,0.0,1ls6qnu
comment,n1jvmnq,gfreyd,,8,2025-07-05 23:38:29,,,,These ones are fully backward compatible though eh,n1jbxy0,1.0,1ls6qnu
comment,n1k7qid,bimbampilam,,2,2025-07-06 00:56:26,,,,can have ur cake day and eat it too,n1jvmnq,2.0,1ls6qnu
comment,n1wj1hr,ouralarmclock,,1,2025-07-08 00:42:21,,,,That happened to me with Eero 5s but I was just able to buy one new in box on eBay for a reasonable price,n1jbxy0,1.0,1ls6qnu
comment,n1iss4e,vspede81,,2,2025-07-05 19:54:29,,,,Having kids who run everywhere for wifi eero is simply the best Set it forget it and its simplified my life That is worth the cost to me,,0.0,1ls6qnu
comment,n1iuzr3,downwithdisinfo2,,-7,2025-07-05 20:06:54,,,,Except that Jeff BezosOwns eero You cant get much lower than that without bumping into Zuck and Musk I need a shower,n1iss4e,1.0,1ls6qnu
comment,n1kgdzs,melancious,,3,2025-07-06 01:55:08,,,,my internet provider gives Eero for free as a part of the service for such a small device its insanely powerful,n1iuzr3,2.0,1ls6qnu
comment,n1kidvk,downwithdisinfo2,,-11,2025-07-06 02:08:43,,,,Who cares And it only has one free Ethernet port Its basically useless,n1kgdzs,3.0,1ls6qnu
comment,n1kydx0,pujolsrox11,,3,2025-07-06 04:04:05,,,,You are living in 2010 lil bro,n1kidvk,4.0,1ls6qnu
comment,n1mym10,zorillaaa,,2,2025-07-06 14:14:48,,,,95 of the devices in my house are wireless and the 1 Ethernet is more than enough for my PC on one and PS5 on the other If I ever need more I can just by a Ethernet switch and then bobs my uncoe,n1kidvk,4.0,1ls6qnu
comment,n1j3rrj,DOUBLE_BATHROOM,,10,2025-07-05 20:54:33,,,,I seriously could not care less who owns the company that licenses the WiFi equipment for my home If it works great Thats all I care about I dont know who owns the company that makes my lawnmower either and I will go on living my life,n1iuzr3,2.0,1ls6qnu
comment,n1kah4h,joleshole,,5,2025-07-06 01:14:49,,,,Yea seriously These people need to stop spending so much time on the internet lol,n1j3rrj,3.0,1ls6qnu
comment,n1j4uyv,None,,1,2025-07-05 21:00:31,,,,Maybe its also Bezos,n1j3rrj,3.0,1ls6qnu
comment,n1j9ks7,downwithdisinfo2,,-15,2025-07-05 21:26:59,,,,I dont care that you dont care I stated MY case in a forum where people opinenow go mow your fucking lawn,n1j3rrj,3.0,1ls6qnu
comment,n1qmuly,ArchonTheta,,1,2025-07-07 02:10:14,,,,Amazon No thanks,,0.0,1ls6qnu
comment,n1kbr0p,_scorp_,,1,2025-07-06 01:23:28,,,,The other eero are terrible and the support isnt great Mostly its you could see this if you subscribe to the app pro,,0.0,1ls6qnu
